
strategic_region={
	id=11
	name="STRATEGICREGION_11"
	provinces={
		45 46 47 48 49 50 54 62 88 92 94 96 104 132 134 136 138 240 260 418 460 474 556 580 594 632 732 818 854 918 960 994 1086 1120 1160 1186 1236 1270 1348 1476 1508 1526 1574 1640 1672 1716 1860 1898 1908 2002 2012 2062 2234 2236 2238 2335 2411 2494 2551 2627 2699 2709 2737 2828 2878 2954 3022 3026 3079 3165 3171 3276 3330 3348 3474 3507 3570 3640 3654 3673 3726 3858 3939 4002 4035 4072 4093 4226 4333 4363 4369 4371 4377 4401 4403 4405 4419 4433 4441 
	}
	weather={
	}
}
