
strategic_region={
	id=13
	name="STRATEGICREGION_13"
	provinces={
		1 2 3 4 5 6 53 61 87 89 93 95 103 131 133 135 137 235 259 417 459 473 555 577 589 631 727 817 853 913 959 993 1085 1115 1155 1185 1227 1261 1347 1471 1495 1525 1573 1635 1667 1715 1855 1897 1903 1997 2011 2061 2233 2235 2237 2333 2493 2549 2622 2685 2707 2732 2827 2874 2953 3019 3023 3077 3160 3169 3275 3329 3345 3470 3502 3557 3636 3651 3671 3711 3854 3935 4001 4034 4067 4092 4222 4305 4362 4368 4370 4374 4400 4402 4404 4418 4432 4438 4454 
	}
	weather={
	}
}
