
strategic_region={
	id=15
	name="STRATEGICREGION_15"
	provinces={
		20 21 22 23 24 25 51 63 64 75 77 97 106 115 117 119 125 139 141 247 325 341 377 415 578 603 621 687 737 765 827 891 1003 1043 1071 1087 1105 1125 1275 1337 1395 1411 1433 1479 1541 1581 1601 1641 1693 1809 1829 1845 1861 1875 2037 2051 2109 2133 2147 2207 2221 2239 2442 2471 2533 2580 2639 2726 2740 2837 2857 2949 3020 3053 3083 3131 3177 3195 3304 3341 3420 3428 3500 3528 3645 3652 3677 3757 3768 3814 3937 3983 4037 4042 4043 4171 4179 4294 4331 4356 4358 4366 4378 4392 4398 4410 4412 4416 4434 4442 4455 
	}
	weather={
	}
}
