
strategic_region={
	id=2
	name="STRATEGICREGION_2"
	provinces={
		2287 2288 2289 2290 2291 2292 2293 2294 2295 2296 2297 2298 2299 2300 2301 2302 2303 2304 2305 2306 2307 2308 2309 2337 2343 2347 2348 2354 2358 2362 2366 2370 2374 2377 2382 2385 2391 2392 2401 2402 2407 2408 2414 2418 2422 2428 2429 2434 2439 2444 2448 2457 2458 2459 2466 2469 2476 2480 2483 2489 2490 2498 2502 2506 2509 2514 2518 2523 2527 2528 2537 2538 2544 2547 2556 2562 2563 2564 2569 2573 2577 2584 2588 2591 2595 2601 2602 2609 2610 2615 2620 2625 2630 2633 2637 2646 2647 2651 2660 2661 2662 2667 2671 2675 2679 2691 2692 2693 2694 2702 2705 2712 2717 2721 2722 2730 2735 2742 2745 2751 2752 2757 2763 2764 2769 2776 2777 2782 2785 2789 2796 2797 2801 2809 2810 2815 2816 2823 2824 2833 2834 2841 2846 2849 2854 2859 2864 2868 2871 2876 2883 2887 2888 2896 2897 2904 2910 2911 2912 2917 2921 2925 2929 2935 2936 2941 2946 2951 2957 2962 2965 2970 2974 2977 2982 2985 2991 2992 3000 3001 3007 3011 3012 3017 3029 3030 3036 3039 3044 3047 3051 3055 3060 3063 3067 3071 3075 3081 3089 3090 3096 3104 3111 3112 3113 3114 3115 3123 3128 3133 3140 3141 3146 3149 3153 3157 3163 3167 3173 3179 3185 3186 3192 3197 3203 3204 3213 3214 3215 3223 3224 3229 3236 3237 3241 3246 3251 3256 3257 3261 3266 3270 3273 3280 3281 3287 3291 3292 3299 3300 3309 3313 3314 3322 3323 3327 3336 3337 3343 3351 3352 3357 3363 3367 3368 3374 3377 3382 3384 3388 3396 3397 3403 3404 3408 3412 3416 3424 3425 3433 3437 3440 3444 3450 3451 3460 3461 3465 3466 3472 3478 3481 3487 3488 3494 3497 3505 3511 3515 3516 3522 3525 3532 3535 3540 3545 3553 3554 3562 3563 3564 3565 3573 3578 3581 3585 3590 3594 3598 3601 3606 3609 3615 3616 3621 3628 3629 3634 3638 3643 3649 3660 3661 3665 3669 3675 3683 3688 3689 3693 3705 3706 3707 3718 3719 3720 3721 3729 3730 3735 3739 3743 3749 3753 3754 3762 3765 3771 3778 3787 3788 3789 3797 3798 3799 3800 3809 3810 3817 3822 3823 3829 3830 3835 3840 3843 3848 3852 3856 3863 3864 3869 3874 3877 3884 3885 3889 3893 3899 3900 3906 3909 3913 3920 3926 3927 3928 3933 3941 3947 3948 3954 3957 3967 3968 3969 3975 3976 3981 3987 3993 3997 3998 4008 4009 4013 4018 4022 4027 4031 4032 4046 4050 4051 4056 4062 4063 4070 4074 4078 4084 4085 4090 4101 4108 4109 4110 4111 4112 4121 4125 4129 4132 4139 4140 4144 4148 4154 4158 4159 4166 4167 4174 4181 4186 4193 4194 4195 4202 4203 4207 4212 4215 4219 4224 4231 4235 4236 4243 4244 4252 4253 4260 4265 4266 4267 4273 4278 4281 4288 4289 4296 4299 4303 
	}
	weather={
	}
}
