
strategic_region={
	id=7
	name="STRATEGICREGION_7"
	provinces={
		165 166 167 168 169 170 171 172 173 174 175 176 177 178 179 180 181 182 183 184 185 186 232 237 242 246 252 256 262 266 270 274 278 283 284 290 294 299 300 307 308 314 318 322 328 332 338 339 340 352 353 354 362 366 370 374 382 383 384 392 396 400 404 408 412 420 424 428 432 440 441 442 443 444 456 463 464 470 476 480 484 489 490 496 500 504 509 510 516 520 525 526 533 534 541 542 548 552 558 562 568 569 570 583 584 591 596 601 602 610 614 619 620 628 634 638 642 646 650 654 658 663 664 670 674 678 682 686 693 694 700 704 708 712 716 720 724 729 735 736 744 748 752 756 762 763 764 774 778 782 787 788 794 798 802 807 808 814 820 824 831 832 838 842 846 850 857 858 864 869 870 876 880 884 888 894 899 900 906 910 915 920 924 928 932 937 938 945 946 952 956 962 967 968 975 976 982 987 988 996 1000 1007 1008 1014 1019 1020 1026 1030 1034 1038 1042 1048 1053 1054 1060 1065 1066 1075 1076 1082 1090 1096 1097 1098 1108 1112 1117 1122 1130 1131 1132 1140 1144 1148 1152 1157 1162 1166 1170 1174 1178 1182 1190 1191 1192 1200 1205 1206 1212 1216 1220 1224 1230 1231 1238 1243 1244 1250 1254 1258 1264 1265 1272 1279 1280 1286 1290 1295 1296 1302 1306 1310 1314 1318 1323 1324 1331 1332 1341 1342 1351 1352 1358 1362 1366 1371 1372 1378 1382 1386 1390 1394 1401 1402 1408 1414 1418 1422 1427 1428 1437 1438 1444 1450 1451 1452 1461 1462 1468 1473 1478 1484 1488 1492 1499 1500 1501 1510 1514 1518 1522 1528 1533 1534 1540 1546 1550 1557 1558 1559 1560 1570 1576 1580 1588 1589 1590 1598 1604 1608 1612 1616 1620 1624 1628 1632 1637 1644 1650 1651 1652 1661 1662 1669 1675 1676 1683 1684 1690 1696 1700 1705 1706 1712 1718 1722 1727 1728 1734 1738 1742 1746 1750 1754 1758 1763 1764 1770 1774 1779 1780 1788 1789 1790 1799 1800 1806 1813 1814 1820 1824 1828 1835 1836 1842 1848 1852 1857 1864 1868 1872 1879 1880 1887 1888 1894 1900 1905 1912 1913 1914 1924 1925 1926 1934 1940 1941 1942 1951 1952 1959 1960 1966 1970 1974 1979 1980 1986 1990 1994 1999 2004 2008 2017 2018 2019 2020 2030 2034 2040 2045 2046 2054 2058 2064 2068 2072 2077 2078 2085 2086 2092 2096 2101 2102 2108 2115 2116 2123 2124 2130 2136 2140 2144 2151 2152 2158 2162 2168 2169 2170 2178 2183 2184 2190 2194 2198 2202 2206 2213 2214 2220 2226 2230 
	}
	weather={
	}
}
