
strategic_region={
	id=9
	name="STRATEGICREGION_9"
	provinces={
		26 27 28 29 30 31 52 65 66 76 78 98 107 116 118 120 126 140 142 248 326 342 378 416 579 604 622 688 738 766 828 892 1004 1044 1072 1088 1106 1126 1276 1338 1396 1412 1434 1480 1542 1582 1602 1642 1694 1810 1830 1846 1862 1876 2038 2052 2110 2134 2148 2208 2222 2240 2443 2465 2472 2534 2581 2640 2727 2741 2838 2858 2950 3021 3054 3084 3132 3178 3196 3305 3342 3421 3429 3501 3529 3646 3653 3678 3758 3769 3815 3938 3984 4038 4044 4045 4172 4180 4295 4332 4357 4359 4367 4379 4393 4399 4411 4413 4417 4435 4443 
	}
	weather={
	}
}
