
state={
	id=1
	name="STATE_1"

	history={
		owner = GER
		add_core_of = GER

	}

	provinces={
		187 188 189 190 191 192 193 194 195 196 197 198 199 200 201 202 203 204 205 206 207 208 233 238 243 249 253 257 263 267 271 275 279 285 286 291 295 301 302 309 310 315 319 323 329 333 343 344 345 355 356 357 363 367 371 375 385 386 387 393 397 401 405 409 413 421 425 429 433 445 446 447 448 449 457 465 466 471 477 481 485 491 492 497 501 505 511 512 517 521 527 528 535 536 543 544 549 553 559 563 571 572 573 585 586 592 597 605 606 611 615 623 624 629 635 639 643 647 651 655 659 665 666 671 675 679 683 689 695 696 701 705 709 713 717 721 725 730 739 740 745 749 753 757 767 768 769 775 779 783 789 790 795 799 803 809 810 815 821 825 833 834 839 843 847 851 859 860 865 871 872 877 881 885 889 895 901 902 907 911 916 921 925 929 933 939 940 947 948 953 957 963 969 970 977 978 983 989 990 997 1001 1009 1010 1015 1021 1022 1027 1031 1035 1039 1045 1049 1055 1056 1061 1067 1068 1077 1078 1083 1091 1099 1100 1101 1109 1113 1118 1123 1133 1134 1135 1141 1145 1149 1153 1158 1163 1167 1171 1175 1179 1183 1193 1194 1195 1201 1207 1208 1213 1217 1221 1225 1232 1233 1239 1245 1246 1251 1255 1259 1266 1267 1273 1281 1282 1287 1291 1297 1298 1303 1307 1311 1315 1319 1325 1326 1333 1334 1343 1344 1353 1354 1359 1363 1367 1373 1374 1379 1383 1387 1391 1397 1403 1404 1409 1415 1419 1423 1429 1430 1439 1440 1445 1453 1454 1455 1463 1464 1469 1474 1481 1485 1489 1493 1502 1503 1504 1511 1515 1519 1523 1529 1535 1536 1543 1547 1551 1561 1562 1563 1564 1571 1577 1583 1591 1592 1593 1599 1605 1609 1613 1617 1621 1625 1629 1633 1638 1645 1653 1654 1655 1663 1664 1670 1677 1678 1685 1686 1691 1697 1701 1707 1708 1713 1719 1723 1729 1730 1735 1739 1743 1747 1751 1755 1759 1765 1766 1771 1775 1781 1782 1791 1792 1793 1801 1802 1807 1815 1816 1821 1825 1831 1837 1838 1843 1849 1853 1858 1865 1869 1873 1881 1882 1889 1890 1895 1901 1906 1915 1916 1917 1927 1928 1929 1935 1943 1944 1945 1953 1954 1961 1962 1967 1971 1975 1981 1982 1987 1991 1995 2000 2005 2009 2021 2022 2023 2024 2031 2035 2041 2047 2048 2055 2059 2065 2069 2073 2079 2080 2087 2088 2093 2097 2103 2104 2111 2117 2118 2125 2126 2131 2137 2141 2145 2153 2154 2159 2163 2171 2172 2173 2179 2185 2186 2191 2195 2199 2203 2209 2215 2216 2223 2227 2231 
	}
	manpower=111
	buildings_max_level_factor=1.000
	state_category=megalopolis
	local_supplies=0.000
}
