
state={
	id=3
	name="STATE_3"

	history={
		owner = TEA
		add_core_of = TEA

	}

	provinces={
		209 210 211 212 213 214 215 216 217 218 219 220 221 222 223 224 225 226 227 228 229 230 234 239 244 250 254 258 264 268 272 276 280 287 288 292 296 303 304 311 312 316 320 324 330 334 346 347 348 358 359 360 364 368 372 376 388 389 390 394 398 402 406 410 414 422 426 430 434 450 451 452 453 454 458 467 468 472 478 482 486 493 494 498 502 506 513 514 518 522 529 530 537 538 545 546 550 554 560 564 574 575 576 587 588 593 598 607 608 612 616 625 626 630 636 640 644 648 652 656 660 667 668 672 676 680 684 690 697 698 702 706 710 714 718 722 726 731 741 742 746 750 754 758 770 771 772 776 780 784 791 792 796 800 804 811 812 816 822 826 835 836 840 844 848 852 861 862 866 873 874 878 882 886 890 896 903 904 908 912 917 922 926 930 934 941 942 949 950 954 958 964 971 972 979 980 984 991 992 998 1002 1011 1012 1016 1023 1024 1028 1032 1036 1040 1046 1050 1057 1058 1062 1069 1070 1079 1080 1084 1092 1102 1103 1104 1110 1114 1119 1124 1136 1137 1138 1142 1146 1150 1154 1159 1164 1168 1172 1176 1180 1184 1196 1197 1198 1202 1209 1210 1214 1218 1222 1226 1234 1235 1240 1247 1248 1252 1256 1260 1268 1269 1274 1283 1284 1288 1292 1299 1300 1304 1308 1312 1316 1320 1327 1328 1335 1336 1345 1346 1355 1356 1360 1364 1368 1375 1376 1380 1384 1388 1392 1398 1405 1406 1410 1416 1420 1424 1431 1432 1441 1442 1446 1456 1457 1458 1465 1466 1470 1475 1482 1486 1490 1494 1505 1506 1507 1512 1516 1520 1524 1530 1537 1538 1544 1548 1552 1565 1566 1567 1568 1572 1578 1584 1594 1595 1596 1600 1606 1610 1614 1618 1622 1626 1630 1634 1639 1646 1656 1657 1658 1665 1666 1671 1679 1680 1687 1688 1692 1698 1702 1709 1710 1714 1720 1724 1731 1732 1736 1740 1744 1748 1752 1756 1760 1767 1768 1772 1776 1783 1784 1794 1795 1796 1803 1804 1808 1817 1818 1822 1826 1832 1839 1840 1844 1850 1854 1859 1866 1870 1874 1883 1884 1891 1892 1896 1902 1907 1918 1919 1920 1930 1931 1932 1936 1946 1947 1948 1955 1956 1963 1964 1968 1972 1976 1983 1984 1988 1992 1996 2001 2006 2010 2025 2026 2027 2028 2032 2036 2042 2049 2050 2056 2060 2066 2070 2074 2081 2082 2089 2090 2094 2098 2105 2106 2112 2119 2120 2127 2128 2132 2138 2142 2146 2155 2156 2160 2164 2174 2175 2176 2180 2187 2188 2192 2196 2200 2204 2210 2217 2218 2224 2228 2232 
	}
	manpower=114
	buildings_max_level_factor=1.000
	state_category = megalopolis
	local_supplies=0.000
}
