
state={
	id=4
	name="STATE_4"

	history={
		owner = TEA
		add_core_of = TEA

	}

	provinces={
		2310 2311 2312 2313 2314 2315 2316 2317 2318 2319 2320 2321 2322 2323 2324 2325 2326 2327 2328 2329 2330 2331 2332 2338 2342 2344 2349 2350 2355 2359 2363 2367 2371 2375 2378 2383 2386 2393 2394 2403 2404 2409 2410 2415 2419 2423 2430 2431 2435 2440 2445 2449 2460 2461 2462 2467 2470 2477 2481 2484 2491 2492 2499 2503 2507 2510 2515 2519 2524 2529 2530 2539 2540 2545 2548 2557 2565 2566 2567 2570 2574 2578 2585 2589 2592 2596 2603 2604 2611 2612 2616 2621 2626 2631 2634 2638 2648 2649 2652 2663 2664 2665 2668 2672 2676 2680 2695 2696 2697 2698 2703 2706 2713 2718 2723 2724 2731 2736 2743 2746 2753 2754 2758 2765 2766 2770 2778 2779 2783 2786 2790 2798 2799 2802 2811 2812 2817 2818 2825 2826 2835 2836 2842 2847 2850 2855 2860 2865 2869 2872 2877 2884 2889 2890 2898 2899 2905 2913 2914 2915 2918 2922 2926 2930 2937 2938 2942 2947 2952 2958 2963 2966 2971 2975 2978 2983 2986 2993 2994 3002 3003 3008 3013 3014 3018 3031 3032 3037 3040 3045 3048 3056 3061 3064 3068 3072 3076 3082 3091 3092 3097 3105 3116 3117 3118 3119 3120 3124 3129 3134 3142 3143 3147 3150 3154 3158 3164 3168 3174 3180 3187 3188 3193 3198 3205 3206 3216 3217 3218 3225 3226 3230 3238 3239 3242 3247 3252 3258 3259 3262 3267 3271 3274 3282 3288 3293 3294 3301 3302 3310 3315 3316 3324 3325 3328 3338 3339 3344 3353 3354 3358 3364 3369 3370 3375 3378 3379 3385 3389 3398 3399 3405 3406 3409 3413 3417 3426 3427 3434 3438 3441 3445 3452 3453 3462 3467 3468 3473 3479 3482 3489 3490 3495 3498 3506 3512 3517 3518 3523 3526 3533 3536 3541 3546 3555 3556 3566 3567 3568 3569 3574 3579 3582 3586 3591 3595 3599 3602 3607 3610 3617 3618 3622 3630 3631 3635 3639 3644 3650 3662 3663 3666 3670 3676 3684 3690 3691 3694 3708 3709 3710 3722 3723 3724 3725 3731 3732 3736 3740 3744 3750 3755 3756 3763 3766 3772 3779 3790 3791 3792 3801 3802 3803 3804 3811 3812 3818 3824 3831 3832 3836 3841 3844 3849 3853 3857 3865 3866 3870 3875 3878 3886 3887 3890 3894 3901 3902 3907 3910 3914 3921 3929 3930 3931 3934 3942 3949 3950 3955 3958 3970 3971 3972 3977 3978 3982 3988 3994 3999 4000 4010 4011 4014 4019 4023 4026 4028 4033 4047 4052 4053 4057 4064 4065 4071 4075 4079 4086 4087 4091 4102 4113 4114 4115 4116 4117 4122 4126 4130 4133 4141 4142 4145 4149 4155 4160 4161 4168 4169 4175 4187 4196 4197 4198 4204 4205 4208 4213 4216 4220 4225 4232 4237 4238 4245 4246 4254 4255 4261 4268 4269 4270 4274 4279 4282 4290 4291 4297 4300 4304 4445 4447 4449 4452 
	}
	manpower=114
	buildings_max_level_factor=1.000
	state_category = megalopolis
	local_supplies=0.000
}
