
state={
	id=5
	name="STATE_5"

	history={
		owner = TEA
		add_core_of = TEA

	}

	provinces={
		143 144 145 146 147 148 149 150 151 152 153 154 155 156 157 158 159 160 161 162 163 164 231 236 241 245 251 255 261 265 269 273 277 281 282 289 293 297 298 305 306 313 317 321 327 331 335 336 337 349 350 351 361 365 369 373 379 380 381 391 395 399 403 407 411 419 423 427 431 435 436 437 438 439 455 461 462 469 475 479 483 487 488 495 499 503 507 508 515 519 523 524 531 532 539 540 547 551 557 561 565 566 567 581 582 590 595 599 600 609 613 617 618 627 633 637 641 645 649 653 657 661 662 669 673 677 681 685 691 692 699 703 707 711 715 719 723 728 733 734 743 747 751 755 759 760 761 773 777 781 785 786 793 797 801 805 806 813 819 823 829 830 837 841 845 849 855 856 863 867 868 875 879 883 887 893 897 898 905 909 914 919 923 927 931 935 936 943 944 951 955 961 965 966 973 974 981 985 986 995 999 1005 1006 1013 1017 1018 1025 1029 1033 1037 1041 1047 1051 1052 1059 1063 1064 1073 1074 1081 1089 1093 1094 1095 1107 1111 1116 1121 1127 1128 1129 1139 1143 1147 1151 1156 1161 1165 1169 1173 1177 1181 1187 1188 1189 1199 1203 1204 1211 1215 1219 1223 1228 1229 1237 1241 1242 1249 1253 1257 1262 1263 1271 1277 1278 1285 1289 1293 1294 1301 1305 1309 1313 1317 1321 1322 1329 1330 1339 1340 1349 1350 1357 1361 1365 1369 1370 1377 1381 1385 1389 1393 1399 1400 1407 1413 1417 1421 1425 1426 1435 1436 1443 1447 1448 1449 1459 1460 1467 1472 1477 1483 1487 1491 1496 1497 1498 1509 1513 1517 1521 1527 1531 1532 1539 1545 1549 1553 1554 1555 1556 1569 1575 1579 1585 1586 1587 1597 1603 1607 1611 1615 1619 1623 1627 1631 1636 1643 1647 1648 1649 1659 1660 1668 1673 1674 1681 1682 1689 1695 1699 1703 1704 1711 1717 1721 1725 1726 1733 1737 1741 1745 1749 1753 1757 1761 1762 1769 1773 1777 1778 1785 1786 1787 1797 1798 1805 1811 1812 1819 1823 1827 1833 1834 1841 1847 1851 1856 1863 1867 1871 1877 1878 1885 1886 1893 1899 1904 1909 1910 1911 1921 1922 1923 1933 1937 1938 1939 1949 1950 1957 1958 1965 1969 1973 1977 1978 1985 1989 1993 1998 2003 2007 2013 2014 2015 2016 2029 2033 2039 2043 2044 2053 2057 2063 2067 2071 2075 2076 2083 2084 2091 2095 2099 2100 2107 2113 2114 2121 2122 2129 2135 2139 2143 2149 2150 2157 2161 2165 2166 2167 2177 2181 2182 2189 2193 2197 2201 2205 2211 2212 2219 2225 2229 
	}
	manpower=111
	buildings_max_level_factor=1.000
	state_category = megalopolis
	local_supplies=0.000
}
