
state={
	id=6
	name="STATE_6"

	history={
		owner = TEA
		add_core_of = TEA

	}

	provinces={
		2241 2242 2243 2244 2245 2246 2247 2248 2249 2250 2251 2252 2253 2254 2255 2256 2257 2258 2259 2260 2261 2262 2263 2336 2340 2345 2346 2352 2356 2360 2364 2368 2372 2376 2380 2384 2389 2390 2397 2398 2405 2406 2413 2417 2421 2426 2427 2433 2437 2441 2447 2453 2454 2455 2463 2468 2474 2478 2482 2487 2488 2496 2500 2504 2508 2512 2516 2520 2525 2526 2535 2536 2542 2546 2552 2558 2559 2560 2568 2572 2576 2582 2586 2590 2594 2599 2600 2607 2608 2614 2618 2623 2628 2632 2636 2643 2644 2650 2656 2657 2658 2666 2670 2674 2678 2686 2687 2688 2689 2700 2704 2710 2714 2719 2720 2728 2733 2738 2744 2749 2750 2756 2761 2762 2768 2773 2774 2780 2784 2788 2793 2794 2800 2805 2806 2813 2814 2821 2822 2831 2832 2840 2844 2848 2852 2856 2862 2866 2870 2875 2880 2885 2886 2893 2894 2900 2906 2907 2908 2916 2920 2924 2928 2933 2934 2940 2944 2948 2956 2960 2964 2968 2972 2976 2980 2984 2989 2990 2997 2998 3004 3009 3010 3016 3027 3028 3034 3038 3042 3046 3049 3052 3058 3062 3066 3070 3074 3080 3087 3088 3094 3098 3106 3107 3108 3109 3110 3122 3126 3130 3137 3138 3144 3148 3152 3156 3161 3166 3172 3176 3183 3184 3190 3194 3201 3202 3210 3211 3212 3221 3222 3228 3233 3234 3240 3244 3248 3253 3254 3260 3264 3268 3272 3278 3279 3284 3289 3290 3297 3298 3306 3311 3312 3319 3320 3326 3333 3334 3340 3349 3350 3356 3360 3365 3366 3372 3376 3380 3383 3387 3392 3393 3400 3401 3407 3411 3415 3422 3423 3431 3435 3439 3443 3448 3449 3456 3457 3463 3464 3471 3476 3480 3485 3486 3492 3496 3503 3508 3513 3514 3520 3524 3530 3534 3538 3542 3547 3548 3558 3559 3560 3561 3572 3576 3580 3584 3588 3592 3596 3600 3604 3608 3613 3614 3620 3625 3626 3632 3637 3642 3648 3657 3658 3664 3668 3674 3680 3685 3686 3692 3698 3699 3700 3712 3713 3714 3715 3727 3728 3734 3738 3742 3746 3751 3752 3760 3764 3770 3774 3780 3781 3782 3793 3794 3795 3796 3807 3808 3816 3820 3821 3827 3828 3834 3838 3842 3846 3850 3855 3861 3862 3868 3872 3876 3881 3882 3888 3892 3897 3898 3904 3908 3912 3916 3922 3923 3924 3932 3940 3945 3946 3952 3956 3962 3963 3964 3973 3974 3980 3986 3990 3995 3996 4005 4006 4012 4016 4020 4024 4029 4030 4039 4048 4049 4055 4060 4061 4068 4073 4077 4082 4083 4089 4095 4103 4104 4105 4106 4107 4119 4123 4127 4131 4136 4137 4143 4147 4151 4156 4157 4164 4165 4173 4177 4182 4188 4189 4190 4199 4200 4206 4210 4214 4218 4223 4228 4233 4234 4241 4242 4249 4250 4256 4262 4263 4264 4272 4276 4280 4285 4286 4292 4298 4302 
	}
	manpower=0
	buildings_max_level_factor=1.000
	state_category = megalopolis
	local_supplies=0.000
}
