
state={
	id=8
	name="STATE_8"

	history={
		owner = GER
		add_core_of = GER

	}

	provinces={
		2264 2265 2266 2267 2268 2269 2270 2271 2272 2273 2274 2275 2276 2277 2278 2279 2280 2281 2282 2283 2284 2285 2286 2334 2339 2341 2351 2353 2357 2361 2365 2369 2373 2379 2381 2387 2388 2395 2396 2399 2400 2412 2416 2420 2424 2425 2432 2436 2438 2446 2450 2451 2452 2456 2464 2473 2475 2479 2485 2486 2495 2497 2501 2505 2511 2513 2517 2521 2522 2531 2532 2541 2543 2550 2553 2554 2555 2561 2571 2575 2579 2583 2587 2593 2597 2598 2605 2606 2613 2617 2619 2624 2629 2635 2641 2642 2645 2653 2654 2655 2659 2669 2673 2677 2681 2682 2683 2684 2690 2701 2708 2711 2715 2716 2725 2729 2734 2739 2747 2748 2755 2759 2760 2767 2771 2772 2775 2781 2787 2791 2792 2795 2803 2804 2807 2808 2819 2820 2829 2830 2839 2843 2845 2851 2853 2861 2863 2867 2873 2879 2881 2882 2891 2892 2895 2901 2902 2903 2909 2919 2923 2927 2931 2932 2939 2943 2945 2955 2959 2961 2967 2969 2973 2979 2981 2987 2988 2995 2996 2999 3005 3006 3015 3024 3025 3033 3035 3041 3043 3050 3057 3059 3065 3069 3073 3078 3085 3086 3093 3095 3099 3100 3101 3102 3103 3121 3125 3127 3135 3136 3139 3145 3151 3155 3159 3162 3170 3175 3181 3182 3189 3191 3199 3200 3207 3208 3209 3219 3220 3227 3231 3232 3235 3243 3245 3249 3250 3255 3263 3265 3269 3277 3283 3285 3286 3295 3296 3303 3307 3308 3317 3318 3321 3331 3332 3335 3346 3347 3355 3359 3361 3362 3371 3373 3381 3386 3390 3391 3394 3395 3402 3410 3414 3418 3419 3430 3432 3436 3442 3446 3447 3454 3455 3458 3459 3469 3475 3477 3483 3484 3491 3493 3499 3504 3509 3510 3519 3521 3527 3531 3537 3539 3543 3544 3549 3550 3551 3552 3571 3575 3577 3583 3587 3589 3593 3597 3603 3605 3611 3612 3619 3623 3624 3627 3633 3641 3647 3655 3656 3659 3667 3672 3679 3681 3682 3687 3695 3696 3697 3701 3702 3703 3704 3716 3717 3733 3737 3741 3745 3747 3748 3759 3761 3767 3773 3775 3776 3777 3783 3784 3785 3786 3805 3806 3813 3819 3825 3826 3833 3837 3839 3845 3847 3851 3859 3860 3867 3871 3873 3879 3880 3883 3891 3895 3896 3903 3905 3911 3915 3917 3918 3919 3925 3936 3943 3944 3951 3953 3959 3960 3961 3965 3966 3979 3985 3989 3991 3992 4003 4004 4007 4015 4017 4021 4025 4036 4040 4041 4054 4058 4059 4066 4069 4076 4080 4081 4088 4094 4096 4097 4098 4099 4100 4118 4120 4124 4128 4134 4135 4138 4146 4150 4152 4153 4162 4163 4170 4176 4178 4183 4184 4185 4191 4192 4201 4209 4211 4217 4221 4227 4229 4230 4239 4240 4247 4248 4251 4257 4258 4259 4271 4275 4277 4283 4284 4287 4293 4301 4444 4446 4448 4450 4451 4453 
	}
	manpower=111
	buildings_max_level_factor=1.000
	state_category = megalopolis
	local_supplies=0.000
}
